[505]
ModuleData1=ApmObject
Name=마법의체스판_c
ObjectType=769
ModuleData2=AgcmObject
Category=체스판
ObjectType=8389376
COLLISION_DFF=limelite_magic_chess_c_coll.rws
RidableMaterialType=7
OCTREE_DNUM=5
OCTREE_DATA0=1:-6964.744629:4583.47168:-3123.327881:-6964.744629:4583.47168:4653.405273:-6442.007813:4583.47168:-3123.327881:-6442.007813:4583.47168:4653.405273
OCTREE_DATA1=1:-11204.744141:4155.47168:-1962.827881:-11204.744141:4155.47168:5672.905273:-10682.007813:4155.47168:-1962.827881:-10682.007813:4155.47168:5672.905273
OCTREE_DATA2=1:-7163.371094:4076.566406:-3310.88501:-7163.371094:4076.566406:-2764.148193:-3529.634277:4076.566406:-3310.88501:-3529.634277:4076.566406:-2764.148193
OCTREE_DATA3=1:-7163.371094:4536.566406:4074.115234:-7163.371094:4536.566406:4620.851563:-3529.634277:4536.566406:4074.115234:-3529.634277:4536.566406:4620.851563
OCTREE_DATA4=1:-14323.371094:4066.566406:5359.115234:-14323.371094:4066.566406:5905.851563:-10689.634766:4066.566406:5359.115234:-10689.634766:4066.566406:5905.851563
OCTREE_MAXBBOX=-14622.568359:5002.071289:-3537.639648:-14622.568359:5002.071289:6251.209473:-3320.085449:5002.071289:-3537.639648:-3320.085449:5002.071289:6251.209473
DFF=0:limelite_magic_chess_c.rws
BSPHERE=0:-8971.327148:1394.352905:1356.784912:8281.868164
LOD_LEVEL=0:3
LOD_BOUNDARY=0:32000
LOD_MAX_DISTANCE=0:80
DID_NOT_FINISH_KOREA=0
DID_NOT_FINISH_CHINA=0
DID_NOT_FINISH_WESTERN=0
DID_NOT_FINISH_JAPAN=0
ModuleData3=ApmEventManager
ModuleData4=AgcmEventEffect
EnumEnd=0
ModuleData5=AgcmPreLODManager
PRELOD_DFF_NAME01=0:1:limelite_magic_chess_c_lod_a.rws:
PRELOD_DFF_NAME02=0:2:DUMMY:
PRELOD_LEVEL0=0:3:
PRELOD_HAS_ATOMICINDEX0=0:0:
EnumEnd=0
ModuleData6=AgcmGeometryDataManager
GEOM_DATA20=OCTREE:1:-6964.744629:-2158.267822:-3123.327881:-6442.007813:4583.47168:4653.405273
GEOM_DATA21=OCTREE:1:-11204.744141:-2250.267578:-1962.827881:-10682.007813:4155.47168:5672.905273
GEOM_DATA22=OCTREE:1:-7163.371094:-2116.17041:-3310.88501:-3529.634277:4076.566406:-2764.148193
GEOM_DATA23=OCTREE:1:-7163.371094:-1656.17041:4074.115234:-3529.634277:4536.566406:4620.851563
GEOM_DATA24=OCTREE:1:-14323.371094:-2126.17041:5359.115234:-10689.634766:4066.566406:5905.851563
EnumEnd=0
