[506]
ModuleData1=ApmObject
Name=마법의체스판_d
ObjectType=769
ModuleData2=AgcmObject
Category=체스판
ObjectType=8389376
COLLISION_DFF=limelite_magic_chess_d_coll.rws
RidableMaterialType=7
OCTREE_DNUM=6
OCTREE_DATA0=1:-2702.973145:4760.344727:7189.497559:-2702.973145:4760.344727:7789.820313:4491.349609:4760.344727:7189.497559:4491.349609:4760.344727:7789.820313
OCTREE_DATA1=1:-3091.973145:4798.344727:846.997559:-3091.973145:4798.344727:7912.320313:-2659.650879:4798.344727:846.997559:-2659.650879:4798.344727:7912.320313
OCTREE_DATA2=1:2372.896484:5129.159668:750.171387:2372.896484:5129.159668:6093.500977:2970.217529:5129.159668:750.171387:2970.217529:5129.159668:6093.500977
OCTREE_DATA3=1:-3179.472656:4467.844727:4174.497559:-3179.472656:4467.844727:4684.820313:597.849121:4467.844727:4174.497559:597.849121:4467.844727:4684.820313
OCTREE_DATA4=1:167.347778:4387.884766:503.046387:167.347778:4387.884766:4808.370605:566.672363:4387.884766:503.046387:566.672363:4387.884766:4808.370605
OCTREE_DATA5=1:2251.286133:5006.512695:5287.098633:2251.286133:5006.512695:5923.419922:4375.611328:5006.512695:5287.098633:4375.611328:5006.512695:5923.419922
OCTREE_MAXBBOX=-3446.046387:5628.361328:220.553467:-3446.046387:5628.361328:8108.76416:4664.422363:5628.361328:220.553467:4664.422363:5628.361328:8108.76416
DFF=0:limelite_magic_chess_d.rws
BSPHERE=0:609.187988:1706.683838:4164.658691:6834.161133
LOD_LEVEL=0:3
LOD_BOUNDARY=0:32000
LOD_MAX_DISTANCE=0:80
DID_NOT_FINISH_KOREA=0
DID_NOT_FINISH_CHINA=0
DID_NOT_FINISH_WESTERN=0
DID_NOT_FINISH_JAPAN=0
ModuleData3=ApmEventManager
ModuleData4=AgcmEventEffect
EnumEnd=0
ModuleData5=AgcmPreLODManager
PRELOD_DFF_NAME01=0:1:limelite_magic_chess_d_lod_a.rws:
PRELOD_DFF_NAME02=0:2:DUMMY:
PRELOD_LEVEL0=0:3:
PRELOD_HAS_ATOMICINDEX0=0:0:
EnumEnd=0
ModuleData6=AgcmGeometryDataManager
GEOM_DATA20=OCTREE:1:-2702.973145:-1336.977539:7189.497559:4491.349609:4760.344727:7789.820313
GEOM_DATA21=OCTREE:1:-3091.973145:-2164.977539:846.997559:-2659.650879:4798.344727:7912.320313
GEOM_DATA22=OCTREE:1:2372.896484:-847.163086:750.171387:2970.217529:5129.159668:6093.500977
GEOM_DATA23=OCTREE:1:-3179.472656:-1934.477539:4174.497559:597.849121:4467.844727:4684.820313
GEOM_DATA24=OCTREE:1:167.347778:-1432.439941:503.046387:566.672363:4387.884766:4808.370605
GEOM_DATA25=OCTREE:1:2251.286133:-1713.8125:5287.098633:4375.611328:5006.512695:5923.419922
EnumEnd=0
