[583]
ModuleData1=ApmObject
Name=튤란게이트남문c
ObjectType=257
ModuleData2=AgcmObject
Category=게이트
ObjectType=9462016
COLLISION_DFF=Hu_Thoulan_S_c_Coll.rws
RidableMaterialType=7
OCTREE_DNUM=6
OCTREE_DATA0=1:-2402.944336:900.129333:-1586.845093:-2402.944336:900.129333:-300.94397:-1819.043701:900.129333:-1586.845093:-1819.043701:900.129333:-300.94397
OCTREE_DATA1=1:-1584.259155:983.33252:-529.663269:-1584.259155:983.33252:515.23822:-1122.358643:983.33252:-529.663269:-1122.358643:983.33252:515.23822
OCTREE_DATA2=1:-2125.592773:951.316223:-722.886658:-2125.592773:951.316223:-220.983994:-1279.68335:951.316223:-722.886658:-1279.68335:951.316223:-220.983994
OCTREE_DATA3=1:1801.35144:1041.951416:-1565.380737:1801.35144:1041.951416:-351.477631:2352.25415:1041.951416:-1565.380737:2352.25415:1041.951416:-351.477631
OCTREE_DATA4=1:1134.706909:1001.330322:-515.521362:1134.706909:1001.330322:532.379333:1555.608521:1001.330322:-515.521362:1555.608521:1001.330322:532.379333
OCTREE_DATA5=1:1220.380859:1021.559937:-635.381714:1220.380859:1021.559937:-295.480835:2285.282715:1021.559937:-635.381714:2285.282715:1021.559937:-295.480835
OCTREE_MAXBBOX=-2439.367188:1099.033081:-1600.761719:-2439.367188:1099.033081:570.776245:2439.367188:1099.033081:-1600.761719:2439.367188:1099.033081:570.776245
DFF=0:Hu_Thoulan_S_c.rws
BSPHERE=0:0:544.500549:-514.992737:2686.48999
LOD_LEVEL=0:4
LOD_BOUNDARY=0:42000
LOD_MAX_DISTANCE=0:105
LOD_TYPE_DISTANCE=7
PRE_LIGHT=127 127 127 255
DID_NOT_FINISH_KOREA=0
DID_NOT_FINISH_CHINA=0
DID_NOT_FINISH_WESTERN=0
DID_NOT_FINISH_JAPAN=0
ModuleData3=ApmEventManager
ModuleData4=AgcmEventEffect
EnumEnd=0
ModuleData5=AgcmPreLODManager
PRELOD_DFF_NAME01=0:1:Hu_Thoulan_S_c_Lod1.rws:
PRELOD_DFF_NAME02=0:2:Hu_Thoulan_S_c_Lod2.rws:
PRELOD_DFF_NAME03=0:3:DUMMY:
PRELOD_LEVEL0=0:4:
PRELOD_HAS_ATOMICINDEX0=0:0:
EnumEnd=0
ModuleData6=AgcmGeometryDataManager
GEOM_DATA20=OCTREE:1:-2402.944336:-42.772278:-1586.845093:-1819.043701:900.129333:-300.94397
GEOM_DATA21=OCTREE:1:-1584.259155:-61.5686:-529.663269:-1122.358643:983.33252:515.23822
GEOM_DATA22=OCTREE:1:-2125.592773:-71.583977:-722.886658:-1279.68335:951.316223:-220.983994
GEOM_DATA23=OCTREE:1:1801.35144:-79.950729:-1565.380737:2352.25415:1041.951416:-351.477631
GEOM_DATA24=OCTREE:1:1134.706909:-46.570072:-515.521362:1555.608521:1001.330322:532.379333
GEOM_DATA25=OCTREE:1:1220.380859:-72.342003:-635.381714:2285.282715:1021.559937:-295.480835
EnumEnd=0
