[504]
ModuleData1=ApmObject
Name=마법의체스판_b
ObjectType=769
ModuleData2=AgcmObject
Category=체스판
ObjectType=8389376
COLLISION_DFF=limelite_magic_chess_b_coll.rws
RidableMaterialType=7
OCTREE_DNUM=6
OCTREE_DATA0=1:-3365.237305:5573.008789:-8160.336426:-3365.237305:5573.008789:577.143005:-2757.758789:5573.008789:-8160.336426:-2757.758789:5573.008789:577.143005
OCTREE_DATA1=1:2321.063477:5202.294922:-6115.304199:2321.063477:5202.294922:585.175049:2895.541992:5202.294922:-6115.304199:2895.541992:5202.294922:585.175049
OCTREE_DATA2=1:-3373.990234:5446.21875:-93.545898:-3373.990234:5446.21875:393.932617:3089.488281:5446.21875:-93.545898:3089.488281:5446.21875:393.932617
OCTREE_DATA3=1:-3373.990234:5161.21875:-5988.545898:-3373.990234:5161.21875:-5501.067383:3089.488281:5161.21875:-5988.545898:3089.488281:5161.21875:-5501.067383
OCTREE_DATA4=1:-1482.990234:4796.21875:-3848.545898:-1482.990234:4796.21875:-3361.067383:2088.488281:4796.21875:-3848.545898:2088.488281:4796.21875:-3361.067383
OCTREE_DATA5=1:-1422.883057:4721.160645:-5973.120605:-1422.883057:4721.160645:-3295.639404:-722.404785:4721.160645:-5973.120605:-722.404785:4721.160645:-3295.639404
OCTREE_MAXBBOX=-3468.691162:5866.339844:-8493.025391:-3468.691162:5866.339844:1003.411438:3274.189209:5866.339844:-8493.025391:3274.189209:5866.339844:1003.411438
DFF=0:limelite_magic_chess_b.rws
BSPHERE=0:-97.250977:1816.479736:-3744.806885:7080.739258
LOD_LEVEL=0:3
LOD_BOUNDARY=0:32000
LOD_MAX_DISTANCE=0:80
DID_NOT_FINISH_KOREA=0
DID_NOT_FINISH_CHINA=0
DID_NOT_FINISH_WESTERN=0
DID_NOT_FINISH_JAPAN=0
ModuleData3=ApmEventManager
ModuleData4=AgcmEventEffect
AGCMEVENTEFFECT_CONDITION_FLAGS0=0:1
AGCMEVENTEFFECT_EFFECT_DATA0=0:16:0:20:0:1.3:990:0
EnumEnd=0
ModuleData5=AgcmPreLODManager
PRELOD_DFF_NAME01=0:1:limelite_magic_chess_b_lod_a.rws:
PRELOD_DFF_NAME02=0:2:DUMMY:
PRELOD_LEVEL0=0:3:
PRELOD_HAS_ATOMICINDEX0=0:0:
EnumEnd=0
ModuleData6=AgcmGeometryDataManager
GEOM_DATA20=OCTREE:1:-3365.237305:-2006.466309:-8160.336426:-2757.758789:5573.008789:577.143005
GEOM_DATA21=OCTREE:1:2321.063477:-1822.182983:-6115.304199:2895.541992:5202.294922:585.175049
GEOM_DATA22=OCTREE:1:-3373.990234:-1113.259766:-93.545898:3089.488281:5446.21875:393.932617
GEOM_DATA23=OCTREE:1:-3373.990234:-1398.259766:-5988.545898:3089.488281:5161.21875:-5501.067383
GEOM_DATA24=OCTREE:1:-1482.990234:-1763.259766:-3848.545898:2088.488281:4796.21875:-3361.067383
GEOM_DATA25=OCTREE:1:-1422.883057:-1247.317871:-5973.120605:-722.404785:4721.160645:-3295.639404
EnumEnd=0
