[507]
ModuleData1=ApmObject
Name=마법의체스판_e
ObjectType=769
ModuleData2=AgcmObject
Category=체스판
ObjectType=8389376
COLLISION_DFF=limelite_magic_chess_e_coll.rws
RidableMaterialType=7
OCTREE_DNUM=5
OCTREE_DATA0=1:4825.657715:5379.632813:-121.267365:4825.657715:5379.632813:10547.754883:5434.6875:5379.632813:-121.267365:5434.6875:5379.632813:10547.754883
OCTREE_DATA1=1:8989.96875:4772.255371:-2143.246582:8989.96875:4772.255371:5138.771484:9635.990234:4772.255371:-2143.246582:9635.990234:4772.255371:5138.771484
OCTREE_DATA2=1:4999.010254:4856.479492:4514.379883:4999.010254:4856.479492:4998.399414:9493.024414:4856.479492:4514.379883:9493.024414:4856.479492:4998.399414
OCTREE_DATA3=1:9194.179688:4737.554199:-2013.499756:9194.179688:4737.554199:-1627.480469:12922.197266:4737.554199:-2013.499756:12922.197266:4737.554199:-1627.480469
OCTREE_DATA4=1:3665.416748:5068.560547:-178.086761:3665.416748:5068.560547:349.932434:5385.434082:5068.560547:-178.086761:5385.434082:5068.560547:349.932434
OCTREE_MAXBBOX=3214.88208:5862.750488:-2342.049316:3214.88208:5862.750488:11034.702148:13692.795898:5862.750488:-2342.049316:13692.795898:5862.750488:11034.702148
DFF=0:limelite_magic_chess_e.rws
BSPHERE=0:8453.838867:1823.993652:4346.326172:9384.009766
LOD_LEVEL=0:3
LOD_BOUNDARY=0:32000
LOD_MAX_DISTANCE=0:80
DID_NOT_FINISH_KOREA=0
DID_NOT_FINISH_CHINA=0
DID_NOT_FINISH_WESTERN=0
DID_NOT_FINISH_JAPAN=0
ModuleData3=ApmEventManager
ModuleData4=AgcmEventEffect
EnumEnd=0
ModuleData5=AgcmPreLODManager
PRELOD_DFF_NAME01=0:1:limelite_magic_chess_e_lod_a.rws:
PRELOD_DFF_NAME02=0:2:DUMMY:
PRELOD_LEVEL0=0:3:
PRELOD_HAS_ATOMICINDEX0=0:0:
EnumEnd=0
ModuleData6=AgcmGeometryDataManager
GEOM_DATA20=OCTREE:1:4825.657715:-2015.384277:-121.267365:5434.6875:5379.632813:10547.754883
GEOM_DATA21=OCTREE:1:8989.96875:-1587.764893:-2143.246582:9635.990234:4772.255371:5138.771484
GEOM_DATA22=OCTREE:1:4999.010254:-2179.541016:4514.379883:9493.024414:4856.479492:4998.399414
GEOM_DATA23=OCTREE:1:9194.179688:-2062.464844:-2013.499756:12922.197266:4737.554199:-1627.480469
GEOM_DATA24=OCTREE:1:3665.416748:-2005.462891:-178.086761:5385.434082:5068.560547:349.932434
EnumEnd=0
