[856]
ModuleData1=ApmObject
Name=사라미스정원
ObjectType=769
ModuleData2=AgcmObject
Category=사라미스정원
ObjectType=8389376
COLLISION_DFF=sil_sharamis_coll.rws
RidableMaterialType=7
OCTREE_DNUM=5
OCTREE_DATA0=1:-2367.824951:1427.768188:-3843.515381:-2367.824951:1427.768188:3855.408447:2458.703857:1427.768188:-3843.515381:2458.703857:1427.768188:3855.408447
OCTREE_DATA1=1:745.875244:3728.618164:644.286621:745.875244:3728.618164:1968.617188:1983.002686:3728.618164:644.286621:1983.002686:3728.618164:1968.617188
OCTREE_DATA2=1:745.875244:3728.618164:-1995.713379:745.875244:3728.618164:-671.382813:1983.002686:3728.618164:-1995.713379:1983.002686:3728.618164:-671.382813
OCTREE_DATA3=1:-1999.124756:3728.618164:-1995.713379:-1999.124756:3728.618164:-671.382813:-761.997314:3728.618164:-1995.713379:-761.997314:3728.618164:-671.382813
OCTREE_DATA4=1:-1999.124756:3728.618164:614.286621:-1999.124756:3728.618164:1938.617188:-761.997314:3728.618164:614.286621:-761.997314:3728.618164:1938.617188
OCTREE_MAXBBOX=-7816.982422:10003.987305:-4324.839355:-7816.982422:10003.987305:7816.982422:7816.982422:10003.987305:-4324.839355:7816.982422:10003.987305:7816.982422
DFF=0:sil_sharamis.rws
BSPHERE=0:0:4932.151855:1746.071533:9565.9375
LOD_LEVEL=0:3
LOD_BOUNDARY=0:48000
LOD_MAX_DISTANCE=0:120
DID_NOT_FINISH_KOREA=0
DID_NOT_FINISH_CHINA=0
DID_NOT_FINISH_WESTERN=0
DID_NOT_FINISH_JAPAN=0
ModuleData3=ApmEventManager
ModuleData4=AgcmEventEffect
EnumEnd=0
ModuleData5=AgcmPreLODManager
PRELOD_DFF_NAME01=0:1:sil_sharamis_lod.rws:
PRELOD_DFF_NAME02=0:2:DUMMY:
PRELOD_LEVEL0=0:3:
PRELOD_HAS_ATOMICINDEX0=0:0:
EnumEnd=0
ModuleData6=AgcmGeometryDataManager
GEOM_DATA20=OCTREE:1:-2367.824951:64.745529:-3843.515381:2458.703857:1427.768188:3855.408447
GEOM_DATA21=OCTREE:1:745.875244:328.895752:644.286621:1983.002686:3728.618164:1968.617188
GEOM_DATA22=OCTREE:1:745.875244:328.895752:-1995.713379:1983.002686:3728.618164:-671.382813
GEOM_DATA23=OCTREE:1:-1999.124756:328.895752:-1995.713379:-761.997314:3728.618164:-671.382813
GEOM_DATA24=OCTREE:1:-1999.124756:328.895752:614.286621:-761.997314:3728.618164:1938.617188
EnumEnd=0
