[917]
ModuleData1=ApmObject
Name=자일록_게이트
ObjectType=257
ModuleData2=AgcmObject
Category=단로드
ObjectType=9437440
COLLISION_DFF=orc_dan_gate_a_coll.rws
RidableMaterialType=0
OCTREE_DNUM=6
OCTREE_DATA0=1:648.760986:618.263916:16.864258:648.760986:618.263916:51.342163:1791.239014:618.263916:16.864258:1791.239014:618.263916:51.342163
OCTREE_DATA1=1:-1791.239014:618.263916:16.864258:-1791.239014:618.263916:51.342163:-648.760986:618.263916:16.864258:-648.760986:618.263916:51.342163
OCTREE_DATA2=1:-1708.239014:738.263916:-443.135742:-1708.239014:738.263916:211.342163:-1551.760986:738.263916:-443.135742:-1551.760986:738.263916:211.342163
OCTREE_DATA3=1:1561.760986:738.263916:-443.135742:1561.760986:738.263916:211.342163:1718.239014:738.263916:-443.135742:1718.239014:738.263916:211.342163
OCTREE_DATA4=1:678.760986:1109.263916:-2642.135742:678.760986:1109.263916:-2409.657715:921.239014:1109.263916:-2642.135742:921.239014:1109.263916:-2409.657715
OCTREE_DATA5=1:-921.239014:1113.263916:-2642.135742:-921.239014:1113.263916:-2409.657715:-678.760986:1113.263916:-2642.135742:-678.760986:1113.263916:-2409.657715
OCTREE_MAXBBOX=-1808.987183:1558.049805:-2768.288818:-1808.987183:1558.049805:316.495056:1808.987183:1558.049805:-2768.288818:1808.987183:1558.049805:316.495056
DFF=0:orc_dan_gate_a.rws
BSPHERE=0:0:779.024902:-1225.896851:2504.239014
LOD_LEVEL=0:3
LOD_BOUNDARY=0:40000
LOD_MAX_DISTANCE=0:100
DID_NOT_FINISH_KOREA=0
DID_NOT_FINISH_CHINA=0
DID_NOT_FINISH_WESTERN=0
DID_NOT_FINISH_JAPAN=0
ModuleData3=ApmEventManager
ModuleData4=AgcmEventEffect
EnumEnd=0
ModuleData5=AgcmPreLODManager
PRELOD_DFF_NAME01=0:1:orc_dan_gate_a_lod.rws:
PRELOD_DFF_NAME02=0:2:DUMMY:
PRELOD_LEVEL0=0:3:
PRELOD_HAS_ATOMICINDEX0=0:0:
EnumEnd=0
ModuleData6=AgcmGeometryDataManager
GEOM_DATA20=OCTREE:1:648.760986:-140.214111:16.864258:1791.239014:618.263916:51.342163
GEOM_DATA21=OCTREE:1:-1791.239014:-140.214111:16.864258:-648.760986:618.263916:51.342163
GEOM_DATA22=OCTREE:1:-1708.239014:-20.214111:-443.135742:-1551.760986:738.263916:211.342163
GEOM_DATA23=OCTREE:1:1561.760986:-20.214111:-443.135742:1718.239014:738.263916:211.342163
GEOM_DATA24=OCTREE:1:678.760986:-31.214111:-2642.135742:921.239014:1109.263916:-2409.657715
GEOM_DATA25=OCTREE:1:-921.239014:-15.214111:-2642.135742:-678.760986:1113.263916:-2409.657715
EnumEnd=0
