[1601]
ModuleData1=ApmObject
Name=소형던전_ 방_내부구조
ObjectType=769
ModuleData2=AgcmObject
Category=베틀 스퀘어 2
ObjectType=10488576
COLLISION_DFF=dun_ab_hall_h_d_main_coll.rws
RidableMaterialType=7
OCTREE_DNUM=8
OCTREE_DATA0=1:2098.262695:2364.717773:239.680664:2098.262695:2364.717773:1420.314453:6640.397461:2364.717773:239.680664:6640.397461:2364.717773:1420.314453
OCTREE_DATA1=1:7713.012695:2364.717773:-3134.569336:7713.012695:2364.717773:4749.564453:10165.647461:2364.717773:-3134.569336:10165.647461:2364.717773:4749.564453
OCTREE_DATA2=1:3756.462891:5156.017578:-260.370117:3756.462891:5156.017578:60.365234:4077.197754:5156.017578:-260.370117:4077.197754:5156.017578:60.365234
OCTREE_DATA3=1:3749.962891:5152.517578:1580.629883:3749.962891:5152.517578:1894.365234:4063.697754:5152.517578:1580.629883:4063.697754:5152.517578:1894.365234
OCTREE_DATA4=1:1702.962891:5164.517578:1568.629883:1702.962891:5164.517578:1906.365234:2040.697754:5164.517578:1568.629883:2040.697754:5164.517578:1906.365234
OCTREE_DATA5=1:1702.962891:5159.517578:-263.870117:1702.962891:5159.517578:63.865234:2030.697754:5159.517578:-263.870117:2030.697754:5159.517578:63.865234
OCTREE_DATA6=1:7026.462891:5163.517578:-1370.370117:7026.462891:5163.517578:-1034.634766:7362.197266:5163.517578:-1370.370117:7362.197266:5163.517578:-1034.634766
OCTREE_DATA7=1:7019.962891:5160.017578:2668.129883:7019.962891:5160.017578:2996.865234:7348.697266:5160.017578:2668.129883:7348.697266:5160.017578:2996.865234
OCTREE_MAXBBOX=1471.338379:6263.987305:-3300.004883:1471.338379:6263.987305:4900.001465:10500.001953:6263.987305:-3300.004883:10500.001953:6263.987305:4900.001465
DFF=0:dun_ab_hall_h_d_main.rws
BSPHERE=0:5985.669922:3131.149902:799.998291:6796.825684
LOD_LEVEL=0:2
LOD_BOUNDARY=0:48000
LOD_MAX_DISTANCE=0:120
DID_NOT_FINISH_KOREA=0
DID_NOT_FINISH_CHINA=0
DID_NOT_FINISH_WESTERN=0
DID_NOT_FINISH_JAPAN=0
ModuleData3=ApmEventManager
ModuleData4=AgcmEventEffect
EnumEnd=0
ModuleData5=AgcmPreLODManager
PRELOD_DFF_NAME01=0:1:DUMMY:
PRELOD_LEVEL0=0:2:
PRELOD_HAS_ATOMICINDEX0=0:0:
EnumEnd=0
ModuleData6=AgcmGeometryDataManager
GEOM_DATA20=OCTREE:1:2098.262695:-167.417725:239.680664:6640.397461:2364.717773:1420.314453
GEOM_DATA21=OCTREE:1:7713.012695:-167.417725:-3134.569336:10165.647461:2364.717773:4749.564453
GEOM_DATA22=OCTREE:1:3756.462891:-48.717773:-260.370117:4077.197754:5156.017578:60.365234
GEOM_DATA23=OCTREE:1:3749.962891:-45.217773:1580.629883:4063.697754:5152.517578:1894.365234
GEOM_DATA24=OCTREE:1:1702.962891:-57.217773:1568.629883:2040.697754:5164.517578:1906.365234
GEOM_DATA25=OCTREE:1:1702.962891:-52.217773:-263.870117:2030.697754:5159.517578:63.865234
GEOM_DATA26=OCTREE:1:7026.462891:-56.217773:-1370.370117:7362.197266:5163.517578:-1034.634766
GEOM_DATA27=OCTREE:1:7019.962891:-52.717773:2668.129883:7348.697266:5160.017578:2996.865234
EnumEnd=0
